16 16
71 71 71 71 71 21 21 21 21 21 71 71 71 71 71 71
71 71 71 71 21 21 21 21 21 21 21 21 21 71 71 71
71 71 71 71 60 60 60 61 61 00 61 71 71 71 71 71
71 71 71 60 61 60 61 61 61 00 61 61 61 71 71 71
71 71 71 60 61 60 60 61 61 61 00 61 61 61 71 71
71 71 71 71 60 61 61 61 61 00 00 00 00 71 71 71
71 71 71 71 71 61 61 61 61 61 61 71 71 71 71 71
71 71 71 71 21 21 10 21 21 10 21 21 71 71 71 71
71 71 71 21 21 21 10 21 21 10 21 21 21 71 71 71
71 71 21 21 21 10 10 10 10 10 10 21 21 21 71 71
71 71 61 61 21 10 61 10 10 61 10 21 61 61 71 71
71 71 61 61 61 10 10 10 10 10 10 61 61 61 71 71
71 71 61 61 10 10 10 10 10 10 10 10 61 61 71 71
71 71 71 71 10 10 10 71 71 10 10 10 71 71 71 71
71 71 71 60 60 60 71 71 71 71 60 60 60 71 71 71
71 71 60 60 60 60 71 71 71 71 60 60 60 60 71 71